(kicad_pcb (version 20171130) (host pcbnew 5.0.2-bee76a0~70~ubuntu18.04.1)

  (general
    (thickness 1.6)
    (drawings 1)
    (tracks 76)
    (zones 0)
    (modules 11)
    (nets 13)
  )

  (page A4)
  (layers
    (0 F.Cu signal)
    (1 In1.Cu power)
    (2 In2.Cu power)
    (31 B.Cu signal)
    (32 B.Adhes user)
    (33 F.Adhes user)
    (34 B.Paste user)
    (35 F.Paste user)
    (36 B.SilkS user)
    (37 F.SilkS user)
    (38 B.Mask user)
    (39 F.Mask user)
    (40 Dwgs.User user)
    (41 Cmts.User user)
    (42 Eco1.User user)
    (43 Eco2.User user)
    (44 Edge.Cuts user)
    (45 Margin user)
    (46 B.CrtYd user hide)
    (47 F.CrtYd user hide)
    (48 B.Fab user)
    (49 F.Fab user hide)
  )

  (setup
    (last_trace_width 0.25)
    (trace_clearance 0.2)
    (zone_clearance 0.508)
    (zone_45_only no)
    (trace_min 0.2)
    (segment_width 0.2)
    (edge_width 0.15)
    (via_size 0.8)
    (via_drill 0.4)
    (via_min_size 0.4)
    (via_min_drill 0.3)
    (uvia_size 0.3)
    (uvia_drill 0.1)
    (uvias_allowed no)
    (uvia_min_size 0.2)
    (uvia_min_drill 0.1)
    (pcb_text_width 0.3)
    (pcb_text_size 1.5 1.5)
    (mod_edge_width 0.15)
    (mod_text_size 1 1)
    (mod_text_width 0.15)
    (pad_size 1.524 1.524)
    (pad_drill 0.762)
    (pad_to_mask_clearance 0.2)
    (solder_mask_min_width 0.25)
    (aux_axis_origin 0 0)
    (visible_elements 7FFFFFFF)
    (pcbplotparams
      (layerselection 0x010fc_ffffffff)
      (usegerberextensions false)
      (usegerberattributes false)
      (usegerberadvancedattributes false)
      (creategerberjobfile false)
      (excludeedgelayer true)
      (linewidth 0.100000)
      (plotframeref false)
      (viasonmask false)
      (mode 1)
      (useauxorigin false)
      (hpglpennumber 1)
      (hpglpenspeed 20)
      (hpglpendiameter 15.000000)
      (psnegative false)
      (psa4output false)
      (plotreference true)
      (plotvalue true)
      (plotinvisibletext false)
      (padsonsilk false)
      (subtractmaskfromsilk false)
      (outputformat 1)
      (mirror false)
      (drillshape 1)
      (scaleselection 1)
      (outputdirectory ""))
  )

  (net 0 "")
  (net 1 GND)
  (net 2 "Net-(C1-Pad1)")
  (net 3 VCC)
  (net 4 "Net-(IC1-Pad1)")
  (net 5 "Net-(IC1-Pad2)")
  (net 6 "Net-(B2-Pad2)")
  (net 7 "Net-(C4-Pad1)")
  (net 8 "Net-(IC1-Pad8)")
  (net 9 "Net-(IC1-Pad6)")
  (net 10 "Net-(IC1-Pad5)")
  (net 11 PB9)
  (net 12 PB8)

  (net_class Default "This is the default net class."
    (clearance 0.2)
    (trace_width 0.25)
    (via_dia 0.8)
    (via_drill 0.4)
    (uvia_dia 0.3)
    (uvia_drill 0.1)
    (add_net GND)
    (add_net "Net-(B2-Pad2)")
    (add_net "Net-(C1-Pad1)")
    (add_net "Net-(C4-Pad1)")
    (add_net "Net-(IC1-Pad1)")
    (add_net "Net-(IC1-Pad2)")
    (add_net "Net-(IC1-Pad5)")
    (add_net "Net-(IC1-Pad6)")
    (add_net "Net-(IC1-Pad8)")
    (add_net PB8)
    (add_net PB9)
    (add_net VCC)
  )

  (module SOIC127P600X175-8N:SOIC127P600X175-8N (layer F.Cu) (tedit 5BC7FE68) (tstamp 5BC80A63)
    (at 128.27 109.855)
    (path /22F7723E)
    (attr smd)
    (fp_text reference IC1 (at 0.09 0) (layer F.SilkS)
      (effects (font (size 1 1) (thickness 0.15)))
    )
    (fp_text value RTC_PCF8523T (at -1.27 4.19712) (layer F.Fab)
      (effects (font (size 1 1) (thickness 0.15)))
    )
    (fp_circle (center -4.3 -2) (end -4.2 -2) (layer Dwgs.User) (width 0.3))
    (fp_circle (center -4.3 -2) (end -4.2 -2) (layer F.SilkS) (width 0.3))
    (fp_line (start -3.71 2.75) (end -3.71 -2.75) (layer Eco1.User) (width 0.05))
    (fp_line (start 3.71 2.75) (end -3.71 2.75) (layer Eco1.User) (width 0.05))
    (fp_line (start 3.71 -2.75) (end 3.71 2.75) (layer Eco1.User) (width 0.05))
    (fp_line (start -3.71 -2.75) (end 3.71 -2.75) (layer Eco1.User) (width 0.05))
    (fp_line (start 2 2.5) (end -2 2.5) (layer F.SilkS) (width 0.127))
    (fp_line (start -2 -2.5) (end 2 -2.5) (layer F.SilkS) (width 0.127))
    (fp_line (start -2 2.5) (end -2 -2.5) (layer Dwgs.User) (width 0.127))
    (fp_line (start 2 2.5) (end -2 2.5) (layer Dwgs.User) (width 0.127))
    (fp_line (start 2 -2.5) (end 2 2.5) (layer Dwgs.User) (width 0.127))
    (fp_line (start -2 -2.5) (end 2 -2.5) (layer Dwgs.User) (width 0.127))
    (pad 8 smd rect (at 2.63 -1.905) (size 1.65 0.61) (layers F.Cu F.Paste F.Mask)
      (net 8 "Net-(IC1-Pad8)"))
    (pad 7 smd rect (at 2.63 -0.635) (size 1.65 0.61) (layers F.Cu F.Paste F.Mask))
    (pad 6 smd rect (at 2.63 0.635) (size 1.65 0.61) (layers F.Cu F.Paste F.Mask)
      (net 9 "Net-(IC1-Pad6)"))
    (pad 5 smd rect (at 2.63 1.905) (size 1.65 0.61) (layers F.Cu F.Paste F.Mask)
      (net 10 "Net-(IC1-Pad5)"))
    (pad 4 smd rect (at -2.63 1.905) (size 1.65 0.61) (layers F.Cu F.Paste F.Mask)
      (net 1 GND))
    (pad 3 smd rect (at -2.63 0.635) (size 1.65 0.61) (layers F.Cu F.Paste F.Mask)
      (net 6 "Net-(B2-Pad2)"))
    (pad 2 smd rect (at -2.63 -0.635) (size 1.65 0.61) (layers F.Cu F.Paste F.Mask)
      (net 5 "Net-(IC1-Pad2)"))
    (pad 1 smd rect (at -2.63 -1.905) (size 1.65 0.61) (layers F.Cu F.Paste F.Mask)
      (net 4 "Net-(IC1-Pad1)"))
  )

  (module Battery:S8411-45R (layer F.Cu) (tedit 5CA3BC51) (tstamp 5BD0486F)
    (at 128.27 100.33 270)
    (path /5BBEE532)
    (fp_text reference B2 (at -3.81 -7.62 180) (layer F.SilkS)
      (effects (font (size 1 1) (thickness 0.15)))
    )
    (fp_text value CR1220 (at 0 12 270) (layer F.Fab)
      (effects (font (size 1 1) (thickness 0.15)))
    )
    (fp_circle (center 0 0) (end 6 0) (layer F.SilkS) (width 0.15))
    (fp_line (start -5 5) (end 5 5) (layer F.SilkS) (width 0.15))
    (fp_line (start 5 5) (end 5 7) (layer F.SilkS) (width 0.15))
    (fp_line (start 5 7) (end -5 7) (layer F.SilkS) (width 0.15))
    (fp_line (start -5 7) (end -5 5) (layer F.SilkS) (width 0.15))
    (fp_text user + (at 2 8 270) (layer F.SilkS)
      (effects (font (size 1 1) (thickness 0.15)))
    )
    (pad "" np_thru_hole circle (at 0 -3.5 270) (size 1.35 1.35) (drill 1) (layers *.Cu *.Mask))
    (pad "" np_thru_hole circle (at 0 3.95 270) (size 1.6 1.6) (drill 1.25) (layers *.Cu *.Mask))
    (pad 2 smd rect (at 0 -8.2 270) (size 2.3 4.5) (layers F.Cu F.Paste F.Mask)
      (net 6 "Net-(B2-Pad2)"))
    (pad 1 smd rect (at 0 8.2 270) (size 2.3 4.5) (layers F.Cu F.Paste F.Mask)
      (net 1 GND))
  )

  (module Capacitor_SMD:C_0805_2012Metric (layer F.Cu) (tedit 5B36C52B) (tstamp 5CA3BF25)
    (at 127 114.785 90)
    (descr "Capacitor SMD 0805 (2012 Metric), square (rectangular) end terminal, IPC_7351 nominal, (Body size source: https://docs.google.com/spreadsheets/d/1BsfQQcO9C6DZCsRaXUlFlo91Tg2WpOkGARC1WS5S8t0/edit?usp=sharing), generated with kicad-footprint-generator")
    (tags capacitor)
    (path /8350CC17)
    (attr smd)
    (fp_text reference C1 (at 0 -1.65 90) (layer F.SilkS)
      (effects (font (size 1 1) (thickness 0.15)))
    )
    (fp_text value 10uF (at 0 1.65 90) (layer F.Fab)
      (effects (font (size 1 1) (thickness 0.15)))
    )
    (fp_text user %R (at 0 0 90) (layer F.Fab)
      (effects (font (size 0.5 0.5) (thickness 0.08)))
    )
    (fp_line (start 1.68 0.95) (end -1.68 0.95) (layer F.CrtYd) (width 0.05))
    (fp_line (start 1.68 -0.95) (end 1.68 0.95) (layer F.CrtYd) (width 0.05))
    (fp_line (start -1.68 -0.95) (end 1.68 -0.95) (layer F.CrtYd) (width 0.05))
    (fp_line (start -1.68 0.95) (end -1.68 -0.95) (layer F.CrtYd) (width 0.05))
    (fp_line (start -0.258578 0.71) (end 0.258578 0.71) (layer F.SilkS) (width 0.12))
    (fp_line (start -0.258578 -0.71) (end 0.258578 -0.71) (layer F.SilkS) (width 0.12))
    (fp_line (start 1 0.6) (end -1 0.6) (layer F.Fab) (width 0.1))
    (fp_line (start 1 -0.6) (end 1 0.6) (layer F.Fab) (width 0.1))
    (fp_line (start -1 -0.6) (end 1 -0.6) (layer F.Fab) (width 0.1))
    (fp_line (start -1 0.6) (end -1 -0.6) (layer F.Fab) (width 0.1))
    (pad 2 smd roundrect (at 0.9375 0 90) (size 0.975 1.4) (layers F.Cu F.Paste F.Mask) (roundrect_rratio 0.25)
      (net 1 GND))
    (pad 1 smd roundrect (at -0.9375 0 90) (size 0.975 1.4) (layers F.Cu F.Paste F.Mask) (roundrect_rratio 0.25)
      (net 3 VCC))
    (model ${KISYS3DMOD}/Capacitor_SMD.3dshapes/C_0805_2012Metric.wrl
      (at (xyz 0 0 0))
      (scale (xyz 1 1 1))
      (rotate (xyz 0 0 0))
    )
  )

  (module Capacitor_SMD:C_0805_2012Metric (layer F.Cu) (tedit 5B36C52B) (tstamp 5CA3BF35)
    (at 121.92 114.785 90)
    (descr "Capacitor SMD 0805 (2012 Metric), square (rectangular) end terminal, IPC_7351 nominal, (Body size source: https://docs.google.com/spreadsheets/d/1BsfQQcO9C6DZCsRaXUlFlo91Tg2WpOkGARC1WS5S8t0/edit?usp=sharing), generated with kicad-footprint-generator")
    (tags capacitor)
    (path /E7D47EA7)
    (attr smd)
    (fp_text reference C4 (at 0 -1.65 90) (layer F.SilkS)
      (effects (font (size 1 1) (thickness 0.15)))
    )
    (fp_text value 10uF (at 0 1.65 90) (layer F.Fab)
      (effects (font (size 1 1) (thickness 0.15)))
    )
    (fp_line (start -1 0.6) (end -1 -0.6) (layer F.Fab) (width 0.1))
    (fp_line (start -1 -0.6) (end 1 -0.6) (layer F.Fab) (width 0.1))
    (fp_line (start 1 -0.6) (end 1 0.6) (layer F.Fab) (width 0.1))
    (fp_line (start 1 0.6) (end -1 0.6) (layer F.Fab) (width 0.1))
    (fp_line (start -0.258578 -0.71) (end 0.258578 -0.71) (layer F.SilkS) (width 0.12))
    (fp_line (start -0.258578 0.71) (end 0.258578 0.71) (layer F.SilkS) (width 0.12))
    (fp_line (start -1.68 0.95) (end -1.68 -0.95) (layer F.CrtYd) (width 0.05))
    (fp_line (start -1.68 -0.95) (end 1.68 -0.95) (layer F.CrtYd) (width 0.05))
    (fp_line (start 1.68 -0.95) (end 1.68 0.95) (layer F.CrtYd) (width 0.05))
    (fp_line (start 1.68 0.95) (end -1.68 0.95) (layer F.CrtYd) (width 0.05))
    (fp_text user %R (at 0 0 90) (layer F.Fab)
      (effects (font (size 0.5 0.5) (thickness 0.08)))
    )
    (pad 1 smd roundrect (at -0.9375 0 90) (size 0.975 1.4) (layers F.Cu F.Paste F.Mask) (roundrect_rratio 0.25)
      (net 7 "Net-(C4-Pad1)"))
    (pad 2 smd roundrect (at 0.9375 0 90) (size 0.975 1.4) (layers F.Cu F.Paste F.Mask) (roundrect_rratio 0.25)
      (net 1 GND))
    (model ${KISYS3DMOD}/Capacitor_SMD.3dshapes/C_0805_2012Metric.wrl
      (at (xyz 0 0 0))
      (scale (xyz 1 1 1))
      (rotate (xyz 0 0 0))
    )
  )

  (module ABS07W-32.768KHZ-D-2-T:XTAL320X150X90 (layer F.Cu) (tedit 0) (tstamp 5CA3BF45)
    (at 121.92 110.4392 270)
    (path /5BBEE255)
    (attr smd)
    (fp_text reference Q1 (at -0.0508 2.54 270) (layer F.SilkS)
      (effects (font (size 1.00058 1.00058) (thickness 0.15)))
    )
    (fp_text value 32.768KHz (at -3.7592 0 180) (layer F.SilkS)
      (effects (font (size 1.00096 1.00096) (thickness 0.15)))
    )
    (fp_line (start -1.6002 -0.7493) (end 1.6002 -0.7493) (layer F.SilkS) (width 0.127))
    (fp_line (start 1.6002 -0.7493) (end 1.6002 0.7493) (layer F.SilkS) (width 0.127))
    (fp_line (start 1.6002 0.7493) (end -1.6002 0.7493) (layer F.SilkS) (width 0.127))
    (fp_line (start -1.6002 0.7493) (end -1.6002 -0.7493) (layer F.SilkS) (width 0.127))
    (pad 1 smd rect (at -1.2192 0 270) (size 1.0922 1.905) (layers F.Cu F.Paste F.Mask)
      (net 4 "Net-(IC1-Pad1)"))
    (pad 2 smd rect (at 1.2192 0 270) (size 1.0922 1.905) (layers F.Cu F.Paste F.Mask)
      (net 5 "Net-(IC1-Pad2)"))
  )

  (module Resistor_SMD:R_0805_2012Metric (layer F.Cu) (tedit 5B36C52B) (tstamp 5CA3BF5E)
    (at 135.6125 116 180)
    (descr "Resistor SMD 0805 (2012 Metric), square (rectangular) end terminal, IPC_7351 nominal, (Body size source: https://docs.google.com/spreadsheets/d/1BsfQQcO9C6DZCsRaXUlFlo91Tg2WpOkGARC1WS5S8t0/edit?usp=sharing), generated with kicad-footprint-generator")
    (tags resistor)
    (path /5D15FA0F)
    (attr smd)
    (fp_text reference R1 (at -2.9875 -0.05 180) (layer F.SilkS)
      (effects (font (size 1 1) (thickness 0.15)))
    )
    (fp_text value 0 (at 0 1.65 180) (layer F.Fab)
      (effects (font (size 1 1) (thickness 0.15)))
    )
    (fp_text user %R (at 0 0 180) (layer F.Fab)
      (effects (font (size 0.5 0.5) (thickness 0.08)))
    )
    (fp_line (start 1.68 0.95) (end -1.68 0.95) (layer F.CrtYd) (width 0.05))
    (fp_line (start 1.68 -0.95) (end 1.68 0.95) (layer F.CrtYd) (width 0.05))
    (fp_line (start -1.68 -0.95) (end 1.68 -0.95) (layer F.CrtYd) (width 0.05))
    (fp_line (start -1.68 0.95) (end -1.68 -0.95) (layer F.CrtYd) (width 0.05))
    (fp_line (start -0.258578 0.71) (end 0.258578 0.71) (layer F.SilkS) (width 0.12))
    (fp_line (start -0.258578 -0.71) (end 0.258578 -0.71) (layer F.SilkS) (width 0.12))
    (fp_line (start 1 0.6) (end -1 0.6) (layer F.Fab) (width 0.1))
    (fp_line (start 1 -0.6) (end 1 0.6) (layer F.Fab) (width 0.1))
    (fp_line (start -1 -0.6) (end 1 -0.6) (layer F.Fab) (width 0.1))
    (fp_line (start -1 0.6) (end -1 -0.6) (layer F.Fab) (width 0.1))
    (pad 2 smd roundrect (at 0.9375 0 180) (size 0.975 1.4) (layers F.Cu F.Paste F.Mask) (roundrect_rratio 0.25)
      (net 8 "Net-(IC1-Pad8)"))
    (pad 1 smd roundrect (at -0.9375 0 180) (size 0.975 1.4) (layers F.Cu F.Paste F.Mask) (roundrect_rratio 0.25)
      (net 7 "Net-(C4-Pad1)"))
    (model ${KISYS3DMOD}/Resistor_SMD.3dshapes/R_0805_2012Metric.wrl
      (at (xyz 0 0 0))
      (scale (xyz 1 1 1))
      (rotate (xyz 0 0 0))
    )
  )

  (module Resistor_SMD:R_0805_2012Metric (layer F.Cu) (tedit 5B36C52B) (tstamp 5CA3BF6F)
    (at 135.65 113.95)
    (descr "Resistor SMD 0805 (2012 Metric), square (rectangular) end terminal, IPC_7351 nominal, (Body size source: https://docs.google.com/spreadsheets/d/1BsfQQcO9C6DZCsRaXUlFlo91Tg2WpOkGARC1WS5S8t0/edit?usp=sharing), generated with kicad-footprint-generator")
    (tags resistor)
    (path /5C80B31B)
    (attr smd)
    (fp_text reference R2 (at 2.9875 0.15) (layer F.SilkS)
      (effects (font (size 1 1) (thickness 0.15)))
    )
    (fp_text value 8.2k (at 0 1.65) (layer F.Fab)
      (effects (font (size 1 1) (thickness 0.15)))
    )
    (fp_text user %R (at 0 0) (layer F.Fab)
      (effects (font (size 0.5 0.5) (thickness 0.08)))
    )
    (fp_line (start 1.68 0.95) (end -1.68 0.95) (layer F.CrtYd) (width 0.05))
    (fp_line (start 1.68 -0.95) (end 1.68 0.95) (layer F.CrtYd) (width 0.05))
    (fp_line (start -1.68 -0.95) (end 1.68 -0.95) (layer F.CrtYd) (width 0.05))
    (fp_line (start -1.68 0.95) (end -1.68 -0.95) (layer F.CrtYd) (width 0.05))
    (fp_line (start -0.258578 0.71) (end 0.258578 0.71) (layer F.SilkS) (width 0.12))
    (fp_line (start -0.258578 -0.71) (end 0.258578 -0.71) (layer F.SilkS) (width 0.12))
    (fp_line (start 1 0.6) (end -1 0.6) (layer F.Fab) (width 0.1))
    (fp_line (start 1 -0.6) (end 1 0.6) (layer F.Fab) (width 0.1))
    (fp_line (start -1 -0.6) (end 1 -0.6) (layer F.Fab) (width 0.1))
    (fp_line (start -1 0.6) (end -1 -0.6) (layer F.Fab) (width 0.1))
    (pad 2 smd roundrect (at 0.9375 0) (size 0.975 1.4) (layers F.Cu F.Paste F.Mask) (roundrect_rratio 0.25)
      (net 11 PB9))
    (pad 1 smd roundrect (at -0.9375 0) (size 0.975 1.4) (layers F.Cu F.Paste F.Mask) (roundrect_rratio 0.25)
      (net 8 "Net-(IC1-Pad8)"))
    (model ${KISYS3DMOD}/Resistor_SMD.3dshapes/R_0805_2012Metric.wrl
      (at (xyz 0 0 0))
      (scale (xyz 1 1 1))
      (rotate (xyz 0 0 0))
    )
  )

  (module Resistor_SMD:R_0805_2012Metric (layer F.Cu) (tedit 5B36C52B) (tstamp 5CA3BF80)
    (at 135.5625 107.95)
    (descr "Resistor SMD 0805 (2012 Metric), square (rectangular) end terminal, IPC_7351 nominal, (Body size source: https://docs.google.com/spreadsheets/d/1BsfQQcO9C6DZCsRaXUlFlo91Tg2WpOkGARC1WS5S8t0/edit?usp=sharing), generated with kicad-footprint-generator")
    (tags resistor)
    (path /5C849D22)
    (attr smd)
    (fp_text reference R3 (at 2.85 0) (layer F.SilkS)
      (effects (font (size 1 1) (thickness 0.15)))
    )
    (fp_text value 8.2k (at 0 1.65) (layer F.Fab)
      (effects (font (size 1 1) (thickness 0.15)))
    )
    (fp_line (start -1 0.6) (end -1 -0.6) (layer F.Fab) (width 0.1))
    (fp_line (start -1 -0.6) (end 1 -0.6) (layer F.Fab) (width 0.1))
    (fp_line (start 1 -0.6) (end 1 0.6) (layer F.Fab) (width 0.1))
    (fp_line (start 1 0.6) (end -1 0.6) (layer F.Fab) (width 0.1))
    (fp_line (start -0.258578 -0.71) (end 0.258578 -0.71) (layer F.SilkS) (width 0.12))
    (fp_line (start -0.258578 0.71) (end 0.258578 0.71) (layer F.SilkS) (width 0.12))
    (fp_line (start -1.68 0.95) (end -1.68 -0.95) (layer F.CrtYd) (width 0.05))
    (fp_line (start -1.68 -0.95) (end 1.68 -0.95) (layer F.CrtYd) (width 0.05))
    (fp_line (start 1.68 -0.95) (end 1.68 0.95) (layer F.CrtYd) (width 0.05))
    (fp_line (start 1.68 0.95) (end -1.68 0.95) (layer F.CrtYd) (width 0.05))
    (fp_text user %R (at 0 0) (layer F.Fab)
      (effects (font (size 0.5 0.5) (thickness 0.08)))
    )
    (pad 1 smd roundrect (at -0.9375 0) (size 0.975 1.4) (layers F.Cu F.Paste F.Mask) (roundrect_rratio 0.25)
      (net 8 "Net-(IC1-Pad8)"))
    (pad 2 smd roundrect (at 0.9375 0) (size 0.975 1.4) (layers F.Cu F.Paste F.Mask) (roundrect_rratio 0.25)
      (net 12 PB8))
    (model ${KISYS3DMOD}/Resistor_SMD.3dshapes/R_0805_2012Metric.wrl
      (at (xyz 0 0 0))
      (scale (xyz 1 1 1))
      (rotate (xyz 0 0 0))
    )
  )

  (module Resistor_SMD:R_0805_2012Metric (layer F.Cu) (tedit 5B36C52B) (tstamp 5CA3BF91)
    (at 135.6375 109.95)
    (descr "Resistor SMD 0805 (2012 Metric), square (rectangular) end terminal, IPC_7351 nominal, (Body size source: https://docs.google.com/spreadsheets/d/1BsfQQcO9C6DZCsRaXUlFlo91Tg2WpOkGARC1WS5S8t0/edit?usp=sharing), generated with kicad-footprint-generator")
    (tags resistor)
    (path /5D6F9447)
    (attr smd)
    (fp_text reference R11 (at 3.3 0.1) (layer F.SilkS)
      (effects (font (size 1 1) (thickness 0.15)))
    )
    (fp_text value 0 (at 0 1.65) (layer F.Fab)
      (effects (font (size 1 1) (thickness 0.15)))
    )
    (fp_text user %R (at 0 0) (layer F.Fab)
      (effects (font (size 0.5 0.5) (thickness 0.08)))
    )
    (fp_line (start 1.68 0.95) (end -1.68 0.95) (layer F.CrtYd) (width 0.05))
    (fp_line (start 1.68 -0.95) (end 1.68 0.95) (layer F.CrtYd) (width 0.05))
    (fp_line (start -1.68 -0.95) (end 1.68 -0.95) (layer F.CrtYd) (width 0.05))
    (fp_line (start -1.68 0.95) (end -1.68 -0.95) (layer F.CrtYd) (width 0.05))
    (fp_line (start -0.258578 0.71) (end 0.258578 0.71) (layer F.SilkS) (width 0.12))
    (fp_line (start -0.258578 -0.71) (end 0.258578 -0.71) (layer F.SilkS) (width 0.12))
    (fp_line (start 1 0.6) (end -1 0.6) (layer F.Fab) (width 0.1))
    (fp_line (start 1 -0.6) (end 1 0.6) (layer F.Fab) (width 0.1))
    (fp_line (start -1 -0.6) (end 1 -0.6) (layer F.Fab) (width 0.1))
    (fp_line (start -1 0.6) (end -1 -0.6) (layer F.Fab) (width 0.1))
    (pad 2 smd roundrect (at 0.9375 0) (size 0.975 1.4) (layers F.Cu F.Paste F.Mask) (roundrect_rratio 0.25)
      (net 12 PB8))
    (pad 1 smd roundrect (at -0.9375 0) (size 0.975 1.4) (layers F.Cu F.Paste F.Mask) (roundrect_rratio 0.25)
      (net 9 "Net-(IC1-Pad6)"))
    (model ${KISYS3DMOD}/Resistor_SMD.3dshapes/R_0805_2012Metric.wrl
      (at (xyz 0 0 0))
      (scale (xyz 1 1 1))
      (rotate (xyz 0 0 0))
    )
  )

  (module Resistor_SMD:R_0805_2012Metric (layer F.Cu) (tedit 5B36C52B) (tstamp 5CA3BFA2)
    (at 135.65 111.95)
    (descr "Resistor SMD 0805 (2012 Metric), square (rectangular) end terminal, IPC_7351 nominal, (Body size source: https://docs.google.com/spreadsheets/d/1BsfQQcO9C6DZCsRaXUlFlo91Tg2WpOkGARC1WS5S8t0/edit?usp=sharing), generated with kicad-footprint-generator")
    (tags resistor)
    (path /5D6F92C2)
    (attr smd)
    (fp_text reference R12 (at 3.35 0) (layer F.SilkS)
      (effects (font (size 1 1) (thickness 0.15)))
    )
    (fp_text value 0 (at 0 1.65) (layer F.Fab)
      (effects (font (size 1 1) (thickness 0.15)))
    )
    (fp_line (start -1 0.6) (end -1 -0.6) (layer F.Fab) (width 0.1))
    (fp_line (start -1 -0.6) (end 1 -0.6) (layer F.Fab) (width 0.1))
    (fp_line (start 1 -0.6) (end 1 0.6) (layer F.Fab) (width 0.1))
    (fp_line (start 1 0.6) (end -1 0.6) (layer F.Fab) (width 0.1))
    (fp_line (start -0.258578 -0.71) (end 0.258578 -0.71) (layer F.SilkS) (width 0.12))
    (fp_line (start -0.258578 0.71) (end 0.258578 0.71) (layer F.SilkS) (width 0.12))
    (fp_line (start -1.68 0.95) (end -1.68 -0.95) (layer F.CrtYd) (width 0.05))
    (fp_line (start -1.68 -0.95) (end 1.68 -0.95) (layer F.CrtYd) (width 0.05))
    (fp_line (start 1.68 -0.95) (end 1.68 0.95) (layer F.CrtYd) (width 0.05))
    (fp_line (start 1.68 0.95) (end -1.68 0.95) (layer F.CrtYd) (width 0.05))
    (fp_text user %R (at 0 0) (layer F.Fab)
      (effects (font (size 0.5 0.5) (thickness 0.08)))
    )
    (pad 1 smd roundrect (at -0.9375 0) (size 0.975 1.4) (layers F.Cu F.Paste F.Mask) (roundrect_rratio 0.25)
      (net 10 "Net-(IC1-Pad5)"))
    (pad 2 smd roundrect (at 0.9375 0) (size 0.975 1.4) (layers F.Cu F.Paste F.Mask) (roundrect_rratio 0.25)
      (net 11 PB9))
    (model ${KISYS3DMOD}/Resistor_SMD.3dshapes/R_0805_2012Metric.wrl
      (at (xyz 0 0 0))
      (scale (xyz 1 1 1))
      (rotate (xyz 0 0 0))
    )
  )

  (module Resistor_SMD:R_0805_2012Metric (layer F.Cu) (tedit 5B36C52B) (tstamp 5CA3BFA3)
    (at 130.81 114.785 90)
    (descr "Resistor SMD 0805 (2012 Metric), square (rectangular) end terminal, IPC_7351 nominal, (Body size source: https://docs.google.com/spreadsheets/d/1BsfQQcO9C6DZCsRaXUlFlo91Tg2WpOkGARC1WS5S8t0/edit?usp=sharing), generated with kicad-footprint-generator")
    (tags resistor)
    (path /DF39756A)
    (attr smd)
    (fp_text reference R16 (at 0 -1.65 90) (layer F.SilkS)
      (effects (font (size 1 1) (thickness 0.15)))
    )
    (fp_text value 1K (at 0 1.65 90) (layer F.Fab)
      (effects (font (size 1 1) (thickness 0.15)))
    )
    (fp_line (start -1 0.6) (end -1 -0.6) (layer F.Fab) (width 0.1))
    (fp_line (start -1 -0.6) (end 1 -0.6) (layer F.Fab) (width 0.1))
    (fp_line (start 1 -0.6) (end 1 0.6) (layer F.Fab) (width 0.1))
    (fp_line (start 1 0.6) (end -1 0.6) (layer F.Fab) (width 0.1))
    (fp_line (start -0.258578 -0.71) (end 0.258578 -0.71) (layer F.SilkS) (width 0.12))
    (fp_line (start -0.258578 0.71) (end 0.258578 0.71) (layer F.SilkS) (width 0.12))
    (fp_line (start -1.68 0.95) (end -1.68 -0.95) (layer F.CrtYd) (width 0.05))
    (fp_line (start -1.68 -0.95) (end 1.68 -0.95) (layer F.CrtYd) (width 0.05))
    (fp_line (start 1.68 -0.95) (end 1.68 0.95) (layer F.CrtYd) (width 0.05))
    (fp_line (start 1.68 0.95) (end -1.68 0.95) (layer F.CrtYd) (width 0.05))
    (fp_text user %R (at 0 0 90) (layer F.Fab)
      (effects (font (size 0.5 0.5) (thickness 0.08)))
    )
    (pad 1 smd roundrect (at -0.9375 0 90) (size 0.975 1.4) (layers F.Cu F.Paste F.Mask) (roundrect_rratio 0.25)
      (net 3 VCC))
    (pad 2 smd roundrect (at 0.9375 0 90) (size 0.975 1.4) (layers F.Cu F.Paste F.Mask) (roundrect_rratio 0.25)
      (net 7 "Net-(C4-Pad1)"))
    (model ${KISYS3DMOD}/Resistor_SMD.3dshapes/R_0805_2012Metric.wrl
      (at (xyz 0 0 0))
      (scale (xyz 1 1 1))
      (rotate (xyz 0 0 0))
    )
  )

  (gr_text "RTC PCF8523" (at 116.45 106.55 90) (layer F.SilkS) (tstamp 5BC80E53)
    (effects (font (size 1.5 1.5) (thickness 0.15)))
  )

  (via (at 133.45 114.35) (size 0.8) (drill 0.4) (layers F.Cu B.Cu) (net 8))
  (via (at 133.4 109.7) (size 0.8) (drill 0.4) (layers F.Cu B.Cu) (net 8))
  (segment (start 120.07 100.33) (end 120.07 112.45) (width 0.25) (layer F.Cu) (net 1) (status 10))
  (segment (start 120.07 112.45) (end 121.92 114.3) (width 0.25) (layer F.Cu) (net 1) (status 20))
  (segment (start 122.34 114.3) (end 121.92 114.3) (width 0.25) (layer F.Cu) (net 1) (status 30))
  (segment (start 123.655 114.3) (end 122.34 114.3) (width 0.25) (layer F.Cu) (net 1) (status 20))
  (segment (start 125.64 112.315) (end 123.655 114.3) (width 0.25) (layer F.Cu) (net 1))
  (segment (start 125.64 111.76) (end 125.64 112.315) (width 0.25) (layer F.Cu) (net 1) (status 10))
  (segment (start 125.64 112.94) (end 127 114.3) (width 0.25) (layer F.Cu) (net 1) (status 20))
  (segment (start 125.64 111.76) (end 125.64 112.94) (width 0.25) (layer F.Cu) (net 1) (status 10))
  (segment (start 121.5 114.3) (end 121.27499 114.52501) (width 0.25) (layer F.Cu) (net 1) (status 10))
  (segment (start 121.92 114.3) (end 121.5 114.3) (width 0.25) (layer F.Cu) (net 1) (status 30))
  (via (at 132.4 108) (size 0.8) (drill 0.4) (layers F.Cu B.Cu) (net 2))
  (segment (start 132.35 107.95) (end 132.4 108) (width 0.25) (layer F.Cu) (net 2))
  (segment (start 132.4 108) (end 132.4 114.35) (width 0.25) (layer B.Cu) (net 2))
  (via (at 132.4 114.35) (size 0.8) (drill 0.4) (layers F.Cu B.Cu) (net 2))
  (segment (start 132.35 114.3) (end 132.4 114.35) (width 0.25) (layer F.Cu) (net 2))
  (via (at 128.1 115.16501) (size 0.8) (drill 0.4) (layers F.Cu B.Cu) (net 3))
  (segment (start 127 115.27) (end 127.99501 115.27) (width 0.25) (layer F.Cu) (net 3) (status 10))
  (segment (start 127.99501 115.27) (end 128.1 115.16501) (width 0.25) (layer F.Cu) (net 3))
  (segment (start 128.1 115.16501) (end 129.53499 116.6) (width 0.25) (layer B.Cu) (net 3))
  (via (at 130.85 116.6) (size 0.8) (drill 0.4) (layers F.Cu B.Cu) (net 3))
  (segment (start 129.53499 116.6) (end 130.85 116.6) (width 0.25) (layer B.Cu) (net 3))
  (segment (start 130.85 115.31) (end 130.81 115.27) (width 0.25) (layer F.Cu) (net 3) (status 30))
  (segment (start 130.85 116.6) (end 130.85 115.31) (width 0.25) (layer F.Cu) (net 3) (status 20))
  (segment (start 131.11 115.57) (end 130.81 115.27) (width 0.25) (layer F.Cu) (net 3) (status 30))
  (segment (start 124.565 107.95) (end 125.64 107.95) (width 0.25) (layer F.Cu) (net 4) (status 20))
  (segment (start 124.3925 107.95) (end 124.565 107.95) (width 0.25) (layer F.Cu) (net 4))
  (segment (start 123.1225 109.22) (end 124.3925 107.95) (width 0.25) (layer F.Cu) (net 4))
  (segment (start 121.92 109.22) (end 123.1225 109.22) (width 0.25) (layer F.Cu) (net 4) (status 10))
  (segment (start 122.3264 111.6584) (end 121.92 111.6584) (width 0.25) (layer F.Cu) (net 5) (status 30))
  (segment (start 123.1225 110.8623) (end 122.3264 111.6584) (width 0.25) (layer F.Cu) (net 5) (status 20))
  (segment (start 123.1225 110.4559) (end 123.1225 110.8623) (width 0.25) (layer F.Cu) (net 5))
  (segment (start 124.3584 109.22) (end 123.1225 110.4559) (width 0.25) (layer F.Cu) (net 5))
  (segment (start 125.64 109.22) (end 124.3584 109.22) (width 0.25) (layer F.Cu) (net 5) (status 10))
  (segment (start 126.16 110.49) (end 125.64 110.49) (width 0.25) (layer F.Cu) (net 6) (status 30))
  (segment (start 136.47 100.33) (end 136.32 100.33) (width 0.25) (layer F.Cu) (net 6) (status 30))
  (segment (start 136.47 102.58) (end 136.47 100.33) (width 0.25) (layer F.Cu) (net 6) (status 20))
  (segment (start 132.35 106.7) (end 136.47 102.58) (width 0.25) (layer F.Cu) (net 6))
  (segment (start 120.6 106.7) (end 132.35 106.7) (width 0.25) (layer F.Cu) (net 6))
  (segment (start 120.52001 106.77999) (end 120.6 106.7) (width 0.25) (layer F.Cu) (net 6))
  (segment (start 120.52001 112.22001) (end 120.52001 106.77999) (width 0.25) (layer F.Cu) (net 6))
  (segment (start 124.565 110.49) (end 123.75 111.305) (width 0.25) (layer F.Cu) (net 6))
  (segment (start 125.64 110.49) (end 124.565 110.49) (width 0.25) (layer F.Cu) (net 6) (status 10))
  (segment (start 123.75 111.305) (end 123.75 112.65) (width 0.25) (layer F.Cu) (net 6))
  (segment (start 123.75 112.65) (end 123.25 113.15) (width 0.25) (layer F.Cu) (net 6))
  (segment (start 123.25 113.15) (end 121.45 113.15) (width 0.25) (layer F.Cu) (net 6))
  (segment (start 121.45 113.15) (end 120.52001 112.22001) (width 0.25) (layer F.Cu) (net 6))
  (segment (start 135.993763 116.556237) (end 136.55 116) (width 0.25) (layer F.Cu) (net 7))
  (segment (start 135.52499 117.02501) (end 135.993763 116.556237) (width 0.25) (layer F.Cu) (net 7))
  (segment (start 133.98751 117.02501) (end 135.52499 117.02501) (width 0.25) (layer F.Cu) (net 7))
  (segment (start 130.81 113.8475) (end 133.98751 117.02501) (width 0.25) (layer F.Cu) (net 7))
  (segment (start 130.81 113.8475) (end 126.9575 117.7) (width 0.25) (layer F.Cu) (net 7))
  (segment (start 123.8975 117.7) (end 121.92 115.7225) (width 0.25) (layer F.Cu) (net 7))
  (segment (start 126.9575 117.7) (end 123.8975 117.7) (width 0.25) (layer F.Cu) (net 7))
  (segment (start 134.068763 108.506237) (end 134.625 107.95) (width 0.25) (layer F.Cu) (net 8))
  (segment (start 133.849999 108.725001) (end 134.068763 108.506237) (width 0.25) (layer F.Cu) (net 8))
  (segment (start 131.276998 107.95) (end 132.051999 108.725001) (width 0.25) (layer F.Cu) (net 8))
  (segment (start 130.9 107.95) (end 131.276998 107.95) (width 0.25) (layer F.Cu) (net 8))
  (segment (start 134.675 113.9875) (end 134.7125 113.95) (width 0.25) (layer F.Cu) (net 8))
  (segment (start 134.675 116) (end 134.675 113.9875) (width 0.25) (layer F.Cu) (net 8))
  (segment (start 133.85 113.95) (end 133.45 114.35) (width 0.25) (layer F.Cu) (net 8))
  (segment (start 134.7125 113.95) (end 133.85 113.95) (width 0.25) (layer F.Cu) (net 8))
  (segment (start 133.4 108.775001) (end 133.4 109.7) (width 0.25) (layer F.Cu) (net 8))
  (segment (start 133.45 108.725001) (end 133.4 108.775001) (width 0.25) (layer F.Cu) (net 8))
  (segment (start 133.45 108.725001) (end 133.849999 108.725001) (width 0.25) (layer F.Cu) (net 8))
  (segment (start 132.051999 108.725001) (end 133.45 108.725001) (width 0.25) (layer F.Cu) (net 8))
  (segment (start 133.45 109.75) (end 133.4 109.7) (width 0.25) (layer B.Cu) (net 8))
  (segment (start 133.45 114.35) (end 133.45 109.75) (width 0.25) (layer B.Cu) (net 8))
  (segment (start 134.16 110.49) (end 134.7 109.95) (width 0.25) (layer F.Cu) (net 9))
  (segment (start 130.9 110.49) (end 134.16 110.49) (width 0.25) (layer F.Cu) (net 9))
  (segment (start 134.5225 111.76) (end 134.7125 111.95) (width 0.25) (layer F.Cu) (net 10))
  (segment (start 130.9 111.76) (end 134.5225 111.76) (width 0.25) (layer F.Cu) (net 10))
  (segment (start 136.5875 113.95) (end 136.5875 111.95) (width 0.25) (layer F.Cu) (net 11))
  (segment (start 136.575 108.025) (end 136.5 107.95) (width 0.25) (layer F.Cu) (net 12))
  (segment (start 136.575 109.95) (end 136.575 108.025) (width 0.25) (layer F.Cu) (net 12))

)
