(kicad_pcb (version 20171130) (host pcbnew 5.0.2-bee76a0~70~ubuntu18.04.1)

  (general
    (thickness 1.6)
    (drawings 90)
    (tracks 1768)
    (zones 0)
    (modules 113)
    (nets 114)
  )

  (page A4)
  (layers
    (0 F.Cu signal)
    (1 In1.Cu power)
    (2 In2.Cu signal)
    (31 B.Cu signal)
    (32 B.Adhes user)
    (33 F.Adhes user)
    (34 B.Paste user)
    (35 F.Paste user)
    (36 B.SilkS user)
    (37 F.SilkS user)
    (38 B.Mask user)
    (39 F.Mask user)
    (40 Dwgs.User user)
    (41 Cmts.User user)
    (42 Eco1.User user)
    (43 Eco2.User user)
    (44 Edge.Cuts user)
    (45 Margin user)
    (46 B.CrtYd user)
    (47 F.CrtYd user)
    (48 B.Fab user)
    (49 F.Fab user)
  )

  (setup
    (last_trace_width 0.25)
    (trace_clearance 0.2)
    (zone_clearance 0.254)
    (zone_45_only no)
    (trace_min 0.2)
    (segment_width 0.2)
    (edge_width 0.15)
    (via_size 0.8)
    (via_drill 0.4)
    (via_min_size 0.4)
    (via_min_drill 0.3)
    (uvia_size 0.3)
    (uvia_drill 0.1)
    (uvias_allowed no)
    (uvia_min_size 0.2)
    (uvia_min_drill 0.1)
    (pcb_text_width 0.3)
    (pcb_text_size 1.5 1.5)
    (mod_edge_width 0.15)
    (mod_text_size 1 1)
    (mod_text_width 0.15)
    (pad_size 1.524 1.524)
    (pad_drill 0.762)
    (pad_to_mask_clearance 0.2)
    (solder_mask_min_width 0.25)
    (aux_axis_origin 0 0)
    (visible_elements FFFFFF7F)
    (pcbplotparams
      (layerselection 0x010fc_ffffffff)
      (usegerberextensions false)
      (usegerberattributes false)
      (usegerberadvancedattributes false)
      (creategerberjobfile false)
      (excludeedgelayer true)
      (linewidth 0.100000)
      (plotframeref false)
      (viasonmask false)
      (mode 1)
      (useauxorigin false)
      (hpglpennumber 1)
      (hpglpenspeed 20)
      (hpglpendiameter 15.000000)
      (psnegative false)
      (psa4output false)
      (plotreference true)
      (plotvalue true)
      (plotinvisibletext false)
      (padsonsilk false)
      (subtractmaskfromsilk false)
      (outputformat 1)
      (mirror false)
      (drillshape 0)
      (scaleselection 1)
      (outputdirectory "gerbers"))
  )

  (net 0 "")
  (net 1 +3V3)
  (net 2 GND)
  (net 3 "Net-(R31-Pad1)")
  (net 4 "Net-(R34-Pad1)")
  (net 5 "Net-(R35-Pad1)")
  (net 6 "Net-(R36-Pad2)")
  (net 7 "Net-(R44-Pad2)")
  (net 8 PA5)
  (net 9 PA7)
  (net 10 PA6)
  (net 11 PA8)
  (net 12 3.3V)
  (net 13 /FIX)
  (net 14 "Net-(LED1-PadC)")
  (net 15 "Net-(D1-PadA)")
  (net 16 "Net-(R27-Pad1)")
  (net 17 "Net-(R28-Pad1)")
  (net 18 "Net-(U$1-PadP$3)")
  (net 19 "Net-(C1-Pad1)")
  (net 20 VCC)
  (net 21 "Net-(IC1-Pad1)")
  (net 22 "Net-(IC1-Pad2)")
  (net 23 "Net-(B2-Pad2)")
  (net 24 "Net-(C4-Pad1)")
  (net 25 "Net-(IC1-Pad8)")
  (net 26 "Net-(IC1-Pad6)")
  (net 27 "Net-(IC1-Pad5)")
  (net 28 PB9)
  (net 29 PB8)
  (net 30 +3.3VA)
  (net 31 "Net-(10k2-Pad2)")
  (net 32 "Net-(10k3-Pad2)")
  (net 33 RST)
  (net 34 PB4)
  (net 35 PA15)
  (net 36 PA13)
  (net 37 PA14)
  (net 38 PB3)
  (net 39 "Net-(J2-Pad1)")
  (net 40 PA0)
  (net 41 PA1)
  (net 42 PA2)
  (net 43 PA3)
  (net 44 PA4)
  (net 45 PA9)
  (net 46 PA10)
  (net 47 PA11)
  (net 48 PA12)
  (net 49 PB0)
  (net 50 PB1)
  (net 51 PB2)
  (net 52 PB5)
  (net 53 PB6)
  (net 54 PB7)
  (net 55 PB10)
  (net 56 PB12)
  (net 57 PB13)
  (net 58 PB14)
  (net 59 PB15)
  (net 60 PC0)
  (net 61 PC1)
  (net 62 PC2)
  (net 63 PC3)
  (net 64 PC4)
  (net 65 PC5)
  (net 66 PC6)
  (net 67 PC7)
  (net 68 PC8)
  (net 69 PC9)
  (net 70 PC10)
  (net 71 PC11)
  (net 72 PC12)
  (net 73 PC13)
  (net 74 PD2)
  (net 75 PB11)
  (net 76 "Net-(C17-Pad1)")
  (net 77 "Net-(C18-Pad1)")
  (net 78 "Net-(C20-Pad1)")
  (net 79 "Net-(10k1-Pad1)")
  (net 80 "Net-(10k4-Pad2)")
  (net 81 "Net-(C2-Pad1)")
  (net 82 "Net-(C3-Pad1)")
  (net 83 "Net-(C8-Pad1)")
  (net 84 "Net-(C13-Pad2)")
  (net 85 "Net-(C13-Pad1)")
  (net 86 "Net-(C14-Pad1)")
  (net 87 "Net-(C14-Pad2)")
  (net 88 +5V)
  (net 89 "Net-(D2-Pad1)")
  (net 90 "Net-(D3-Pad1)")
  (net 91 "Net-(J1-Pad1)")
  (net 92 "Net-(J1-Pad2)")
  (net 93 "Net-(J1-Pad3)")
  (net 94 "Net-(J1-Pad4)")
  (net 95 "Net-(J1-Pad5)")
  (net 96 "Net-(J1-Pad7)")
  (net 97 "Net-(J1-Pad8)")
  (net 98 "Net-(R38-Pad1)")
  (net 99 "Net-(R40-Pad1)")
  (net 100 "Net-(R100-Pad1)")
  (net 101 "Net-(R101-Pad1)")
  (net 102 "Net-(C5-Pad1)")
  (net 103 "Net-(C5-Pad2)")
  (net 104 "Net-(J3-Pad1)")
  (net 105 "Net-(J3-Pad2)")
  (net 106 "Net-(R19-Pad2)")
  (net 107 "Net-(R20-Pad1)")
  (net 108 "Net-(R21-Pad1)")
  (net 109 "Net-(R22-Pad1)")
  (net 110 "Net-(C12-Pad1)")
  (net 111 "Net-(C19-Pad2)")
  (net 112 "Net-(R32-Pad1)")
  (net 113 "Net-(R33-Pad1)")

  (net_class Default "This is the default net class."
    (clearance 0.2)
    (trace_width 0.25)
    (via_dia 0.8)
    (via_drill 0.4)
    (uvia_dia 0.3)
    (uvia_drill 0.1)
    (add_net +3.3VA)
    (add_net +3V3)
    (add_net +5V)
    (add_net /FIX)
    (add_net 3.3V)
    (add_net GND)
    (add_net "Net-(10k1-Pad1)")
    (add_net "Net-(10k2-Pad2)")
    (add_net "Net-(10k3-Pad2)")
    (add_net "Net-(10k4-Pad2)")
    (add_net "Net-(B2-Pad2)")
    (add_net "Net-(C1-Pad1)")
    (add_net "Net-(C12-Pad1)")
    (add_net "Net-(C13-Pad1)")
    (add_net "Net-(C13-Pad2)")
    (add_net "Net-(C14-Pad1)")
    (add_net "Net-(C14-Pad2)")
    (add_net "Net-(C18-Pad1)")
    (add_net "Net-(C19-Pad2)")
    (add_net "Net-(C2-Pad1)")
    (add_net "Net-(C3-Pad1)")
    (add_net "Net-(C4-Pad1)")
    (add_net "Net-(C5-Pad1)")
    (add_net "Net-(C5-Pad2)")
    (add_net "Net-(C8-Pad1)")
    (add_net "Net-(D1-PadA)")
    (add_net "Net-(D2-Pad1)")
    (add_net "Net-(D3-Pad1)")
    (add_net "Net-(IC1-Pad1)")
    (add_net "Net-(IC1-Pad2)")
    (add_net "Net-(IC1-Pad5)")
    (add_net "Net-(IC1-Pad6)")
    (add_net "Net-(IC1-Pad8)")
    (add_net "Net-(J1-Pad1)")
    (add_net "Net-(J1-Pad2)")
    (add_net "Net-(J1-Pad3)")
    (add_net "Net-(J1-Pad4)")
    (add_net "Net-(J1-Pad5)")
    (add_net "Net-(J1-Pad7)")
    (add_net "Net-(J1-Pad8)")
    (add_net "Net-(J2-Pad1)")
    (add_net "Net-(J3-Pad1)")
    (add_net "Net-(J3-Pad2)")
    (add_net "Net-(LED1-PadC)")
    (add_net "Net-(R100-Pad1)")
    (add_net "Net-(R101-Pad1)")
    (add_net "Net-(R19-Pad2)")
    (add_net "Net-(R20-Pad1)")
    (add_net "Net-(R21-Pad1)")
    (add_net "Net-(R22-Pad1)")
    (add_net "Net-(R27-Pad1)")
    (add_net "Net-(R28-Pad1)")
    (add_net "Net-(R31-Pad1)")
    (add_net "Net-(R32-Pad1)")
    (add_net "Net-(R33-Pad1)")
    (add_net "Net-(R34-Pad1)")
    (add_net "Net-(R35-Pad1)")
    (add_net "Net-(R36-Pad2)")
    (add_net "Net-(R38-Pad1)")
    (add_net "Net-(R40-Pad1)")
    (add_net "Net-(R44-Pad2)")
    (add_net "Net-(U$1-PadP$3)")
    (add_net PA0)
    (add_net PA1)
    (add_net PA10)
    (add_net PA11)
    (add_net PA12)
    (add_net PA13)
    (add_net PA14)
    (add_net PA15)
    (add_net PA2)
    (add_net PA3)
    (add_net PA4)
    (add_net PA5)
    (add_net PA6)
    (add_net PA7)
    (add_net PA8)
    (add_net PA9)
    (add_net PB0)
    (add_net PB1)
    (add_net PB10)
    (add_net PB11)
    (add_net PB12)
    (add_net PB13)
    (add_net PB14)
    (add_net PB15)
    (add_net PB2)
    (add_net PB3)
    (add_net PB4)
    (add_net PB5)
    (add_net PB6)
    (add_net PB7)
    (add_net PB8)
    (add_net PB9)
    (add_net PC0)
    (add_net PC1)
    (add_net PC10)
    (add_net PC11)
    (add_net PC12)
    (add_net PC13)
    (add_net PC2)
    (add_net PC3)
    (add_net PC4)
    (add_net PC5)
    (add_net PC6)
    (add_net PC7)
    (add_net PC8)
    (add_net PC9)
    (add_net PD2)
    (add_net RST)
    (add_net VCC)
  )

  (module MS560702BA03-00:SON125P500X300X100-8N (layer F.Cu) (tedit 5CA912DB) (tstamp 5BC6E061)
    (at 104.949234 93.134805 270)
    (path /5BB59AA0)
    (attr smd)
    (fp_text reference U7 (at 4.745 8.035 270) (layer F.SilkS) hide
      (effects (font (size 1.5 1.5) (thickness 0.375)))
    )
    (fp_text value ALTI (at 2.845 1.185) (layer F.SilkS)
      (effects (font (size 1 1) (thickness 0.25)))
    )
    (fp_line (start -1.5 -2.5) (end -1.5 2.5) (layer Dwgs.User) (width 0.127))
    (fp_line (start -1.5 2.5) (end 1.5 2.5) (layer Dwgs.User) (width 0.127))
    (fp_line (start 1.5 2.5) (end 1.5 -2.5) (layer Dwgs.User) (width 0.127))
    (fp_line (start 1.5 -2.5) (end -1.5 -2.5) (layer Dwgs.User) (width 0.127))
    (fp_line (start -1.5 -2.5) (end 1.5 -2.5) (layer F.SilkS) (width 0.127))
    (fp_line (start -1.5 2.5) (end 1.5 2.5) (layer F.SilkS) (width 0.127))
    (fp_line (start -2.11 -2.75) (end -2.11 2.75) (layer Eco1.User) (width 0.05))
    (fp_line (start -2.11 2.75) (end 2.11 2.75) (layer Eco1.User) (width 0.05))
    (fp_line (start 2.11 2.75) (end 2.11 -2.75) (layer Eco1.User) (width 0.05))
    (fp_line (start 2.11 -2.75) (end -2.11 -2.75) (layer Eco1.User) (width 0.05))
    (fp_circle (center -2.427 -1.873) (end -2.327 -1.873) (layer F.SilkS) (width 0.2))
    (fp_poly (pts (xy -1.87796 -1.4375) (xy 1.875 -1.4375) (xy 1.875 -1.06418) (xy -1.87796 -1.06418)) (layer Dwgs.User) (width 0))
    (fp_poly (pts (xy -1.87762 -1.4375) (xy 1.875 -1.4375) (xy 1.875 -1.06398) (xy -1.87762 -1.06398)) (layer Dwgs.User) (width 0))
    (fp_poly (pts (xy -1.88126 -0.1875) (xy 1.875 -0.1875) (xy 1.875 0.188126) (xy -1.88126 0.188126)) (layer Dwgs.User) (width 0))
    (fp_poly (pts (xy -1.87822 -0.1875) (xy 1.875 -0.1875) (xy 1.875 0.187822) (xy -1.87822 0.187822)) (layer Dwgs.User) (width 0))
    (fp_poly (pts (xy -1.8797 1.0625) (xy 1.875 1.0625) (xy 1.875 1.4411) (xy -1.8797 1.4411)) (layer Dwgs.User) (width 0))
    (fp_poly (pts (xy -1.88007 1.0625) (xy 1.875 1.0625) (xy 1.875 1.44139) (xy -1.88007 1.44139)) (layer Dwgs.User) (width 0))
    (fp_poly (pts (xy -0.376184 -1.905) (xy 0.381 -1.905) (xy 0.381 1.93961) (xy -0.376184 1.93961)) (layer Dwgs.User) (width 0))
    (fp_poly (pts (xy -0.375701 -1.905) (xy 0.381 -1.905) (xy 0.381 1.93712) (xy -0.375701 1.93712)) (layer Dwgs.User) (width 0))
    (pad 1 smd rect (at -1.175 -1.875 270) (size 1.36 0.65) (layers F.Cu F.Paste F.Mask)
      (net 7 "Net-(R44-Pad2)"))
    (pad 8 smd rect (at 1.175 -1.875 270) (size 1.36 0.65) (layers F.Cu F.Paste F.Mask)
      (net 3 "Net-(R31-Pad1)"))
    (pad 2 smd rect (at -1.175 -0.625 270) (size 1.36 0.65) (layers F.Cu F.Paste F.Mask)
      (net 2 GND))
    (pad 3 smd rect (at -1.175 0.625 270) (size 1.36 0.65) (layers F.Cu F.Paste F.Mask)
      (net 2 GND))
    (pad 4 smd rect (at -1.175 1.875 270) (size 1.36 0.65) (layers F.Cu F.Paste F.Mask)
      (net 6 "Net-(R36-Pad2)"))
    (pad 5 smd rect (at 1.175 1.875 270) (size 1.36 0.65) (layers F.Cu F.Paste F.Mask)
      (net 6 "Net-(R36-Pad2)"))
    (pad 6 smd rect (at 1.175 0.625 270) (size 1.36 0.65) (layers F.Cu F.Paste F.Mask)
      (net 5 "Net-(R35-Pad1)"))
    (pad 7 smd rect (at 1.175 -0.625 270) (size 1.36 0.65) (layers F.Cu F.Paste F.Mask)
      (net 4 "Net-(R34-Pad1)"))
  )

  (module Capacitor_SMD:C_0805_2012Metric (layer F.Cu) (tedit 5CA912C6) (tstamp 5CA3ADBF)
    (at 103.776734 89.729805 180)
    (descr "Capacitor SMD 0805 (2012 Metric), square (rectangular) end terminal, IPC_7351 nominal, (Body size source: https://docs.google.com/spreadsheets/d/1BsfQQcO9C6DZCsRaXUlFlo91Tg2WpOkGARC1WS5S8t0/edit?usp=sharing), generated with kicad-footprint-generator")
    (tags capacitor)
    (path /5BB5E0FC)
    (attr smd)
    (fp_text reference C10 (at -0.1375 1.7) (layer F.SilkS)
      (effects (font (size 1 1) (thickness 0.15)))
    )
    (fp_text value 100nF (at -0.0375 -0.05 180) (layer F.Fab)
      (effects (font (size 1 0.7) (thickness 0.15)))
    )
    (fp_line (start -1 0.6) (end -1 -0.6) (layer F.Fab) (width 0.1))
    (fp_line (start -1 -0.6) (end 1 -0.6) (layer F.Fab) (width 0.1))
    (fp_line (start 1 -0.6) (end 1 0.6) (layer F.Fab) (width 0.1))
    (fp_line (start 1 0.6) (end -1 0.6) (layer F.Fab) (width 0.1))
    (fp_line (start -0.258578 -0.71) (end 0.258578 -0.71) (layer F.SilkS) (width 0.12))
    (fp_line (start -0.258578 0.71) (end 0.258578 0.71) (layer F.SilkS) (width 0.12))
    (fp_line (start -1.68 0.95) (end -1.68 -0.95) (layer F.CrtYd) (width 0.05))
    (fp_line (start -1.68 -0.95) (end 1.68 -0.95) (layer F.CrtYd) (width 0.05))
    (fp_line (start 1.68 -0.95) (end 1.68 0.95) (layer F.CrtYd) (width 0.05))
    (fp_line (start 1.68 0.95) (end -1.68 0.95) (layer F.CrtYd) (width 0.05))
    (fp_text user %R (at 0 0 180) (layer F.Fab)
      (effects (font (size 0.5 0.5) (thickness 0.08)))
    )
    (pad 1 smd roundrect (at -0.9375 0 180) (size 0.975 1.4) (layers F.Cu F.Paste F.Mask) (roundrect_rratio 0.25)
      (net 1 +3V3))
    (pad 2 smd roundrect (at 0.9375 0 180) (size 0.975 1.4) (layers F.Cu F.Paste F.Mask) (roundrect_rratio 0.25)
      (net 2 GND))
    (model ${KISYS3DMOD}/Capacitor_SMD.3dshapes/C_0805_2012Metric.wrl
      (at (xyz 0 0 0))
      (scale (xyz 1 1 1))
      (rotate (xyz 0 0 0))
    )
  )

  (module Resistor_SMD:R_0805_2012Metric (layer F.Cu) (tedit 5B36C52B) (tstamp 5CA3ADDF)
    (at 109.926734 92.129805)
    (descr "Resistor SMD 0805 (2012 Metric), square (rectangular) end terminal, IPC_7351 nominal, (Body size source: https://docs.google.com/spreadsheets/d/1BsfQQcO9C6DZCsRaXUlFlo91Tg2WpOkGARC1WS5S8t0/edit?usp=sharing), generated with kicad-footprint-generator")
    (tags resistor)
    (path /5D3929B6)
    (attr smd)
    (fp_text reference R31 (at 0.1375 -1.85) (layer F.SilkS)
      (effects (font (size 1 1) (thickness 0.15)))
    )
    (fp_text value 0 (at -0.0125 -0.05) (layer F.Fab)
      (effects (font (size 1 1) (thickness 0.15)))
    )
    (fp_text user %R (at 0 0) (layer F.Fab)
      (effects (font (size 0.5 0.5) (thickness 0.08)))
    )
    (fp_line (start 1.68 0.95) (end -1.68 0.95) (layer F.CrtYd) (width 0.05))
    (fp_line (start 1.68 -0.95) (end 1.68 0.95) (layer F.CrtYd) (width 0.05))
    (fp_line (start -1.68 -0.95) (end 1.68 -0.95) (layer F.CrtYd) (width 0.05))
    (fp_line (start -1.68 0.95) (end -1.68 -0.95) (layer F.CrtYd) (width 0.05))
    (fp_line (start -0.258578 0.71) (end 0.258578 0.71) (layer F.SilkS) (width 0.12))
    (fp_line (start -0.258578 -0.71) (end 0.258578 -0.71) (layer F.SilkS) (width 0.12))
    (fp_line (start 1 0.6) (end -1 0.6) (layer F.Fab) (width 0.1))
    (fp_line (start 1 -0.6) (end 1 0.6) (layer F.Fab) (width 0.1))
    (fp_line (start -1 -0.6) (end 1 -0.6) (layer F.Fab) (width 0.1))
    (fp_line (start -1 0.6) (end -1 -0.6) (layer F.Fab) (width 0.1))
    (pad 2 smd roundrect (at 0.9375 0) (size 0.975 1.4) (layers F.Cu F.Paste F.Mask) (roundrect_rratio 0.25)
      (net 8 PA5))
    (pad 1 smd roundrect (at -0.9375 0) (size 0.975 1.4) (layers F.Cu F.Paste F.Mask) (roundrect_rratio 0.25)
      (net 3 "Net-(R31-Pad1)"))
    (model ${KISYS3DMOD}/Resistor_SMD.3dshapes/R_0805_2012Metric.wrl
      (at (xyz 0 0 0))
      (scale (xyz 1 1 1))
      (rotate (xyz 0 0 0))
    )
  )

  (module Resistor_SMD:R_0805_2012Metric (layer F.Cu) (tedit 5CA912B5) (tstamp 5CA3ADF0)
    (at 109.926734 94.179805)
    (descr "Resistor SMD 0805 (2012 Metric), square (rectangular) end terminal, IPC_7351 nominal, (Body size source: https://docs.google.com/spreadsheets/d/1BsfQQcO9C6DZCsRaXUlFlo91Tg2WpOkGARC1WS5S8t0/edit?usp=sharing), generated with kicad-footprint-generator")
    (tags resistor)
    (path /5D392AC4)
    (attr smd)
    (fp_text reference R34 (at -2.0125 -0.05 90) (layer F.SilkS)
      (effects (font (size 0.4 0.7) (thickness 0.1)))
    )
    (fp_text value 0 (at -0.0125 0.05) (layer F.Fab)
      (effects (font (size 1 1) (thickness 0.15)))
    )
    (fp_line (start -1 0.6) (end -1 -0.6) (layer F.Fab) (width 0.1))
    (fp_line (start -1 -0.6) (end 1 -0.6) (layer F.Fab) (width 0.1))
    (fp_line (start 1 -0.6) (end 1 0.6) (layer F.Fab) (width 0.1))
    (fp_line (start 1 0.6) (end -1 0.6) (layer F.Fab) (width 0.1))
    (fp_line (start -0.258578 -0.71) (end 0.258578 -0.71) (layer F.SilkS) (width 0.12))
    (fp_line (start -0.258578 0.71) (end 0.258578 0.71) (layer F.SilkS) (width 0.12))
    (fp_line (start -1.68 0.95) (end -1.68 -0.95) (layer F.CrtYd) (width 0.05))
    (fp_line (start -1.68 -0.95) (end 1.68 -0.95) (layer F.CrtYd) (width 0.05))
    (fp_line (start 1.68 -0.95) (end 1.68 0.95) (layer F.CrtYd) (width 0.05))
    (fp_line (start 1.68 0.95) (end -1.68 0.95) (layer F.CrtYd) (width 0.05))
    (fp_text user %R (at 0 0) (layer F.Fab)
      (effects (font (size 0.5 0.5) (thickness 0.08)))
    )
    (pad 1 smd roundrect (at -0.9375 0) (size 0.975 1.4) (layers F.Cu F.Paste F.Mask) (roundrect_rratio 0.25)
      (net 4 "Net-(R34-Pad1)"))
    (pad 2 smd roundrect (at 0.9375 0) (size 0.975 1.4) (layers F.Cu F.Paste F.Mask) (roundrect_rratio 0.25)
      (net 9 PA7))
    (model ${KISYS3DMOD}/Resistor_SMD.3dshapes/R_0805_2012Metric.wrl
      (at (xyz 0 0 0))
      (scale (xyz 1 1 1))
      (rotate (xyz 0 0 0))
    )
  )

  (module Resistor_SMD:R_0805_2012Metric (layer F.Cu) (tedit 5CA9129B) (tstamp 5CA3AE01)
    (at 109.926734 96.229805)
    (descr "Resistor SMD 0805 (2012 Metric), square (rectangular) end terminal, IPC_7351 nominal, (Body size source: https://docs.google.com/spreadsheets/d/1BsfQQcO9C6DZCsRaXUlFlo91Tg2WpOkGARC1WS5S8t0/edit?usp=sharing), generated with kicad-footprint-generator")
    (tags resistor)
    (path /5D392BA6)
    (attr smd)
    (fp_text reference R35 (at -3.1625 -0.15) (layer F.SilkS)
      (effects (font (size 0.7 1) (thickness 0.15)))
    )
    (fp_text value 0 (at -0.1125 0.05) (layer F.Fab)
      (effects (font (size 1 1) (thickness 0.15)))
    )
    (fp_text user %R (at 0 0) (layer F.Fab)
      (effects (font (size 0.5 0.5) (thickness 0.08)))
    )
    (fp_line (start 1.68 0.95) (end -1.68 0.95) (layer F.CrtYd) (width 0.05))
    (fp_line (start 1.68 -0.95) (end 1.68 0.95) (layer F.CrtYd) (width 0.05))
    (fp_line (start -1.68 -0.95) (end 1.68 -0.95) (layer F.CrtYd) (width 0.05))
    (fp_line (start -1.68 0.95) (end -1.68 -0.95) (layer F.CrtYd) (width 0.05))
    (fp_line (start -0.258578 0.71) (end 0.258578 0.71) (layer F.SilkS) (width 0.12))
    (fp_line (start -0.258578 -0.71) (end 0.258578 -0.71) (layer F.SilkS) (width 0.12))
    (fp_line (start 1 0.6) (end -1 0.6) (layer F.Fab) (width 0.1))
    (fp_line (start 1 -0.6) (end 1 0.6) (layer F.Fab) (width 0.1))
    (fp_line (start -1 -0.6) (end 1 -0.6) (layer F.Fab) (width 0.1))
    (fp_line (start -1 0.6) (end -1 -0.6) (layer F.Fab) (width 0.1))
    (pad 2 smd roundrect (at 0.9375 0) (size 0.975 1.4) (layers F.Cu F.Paste F.Mask) (roundrect_rratio 0.25)
      (net 10 PA6))
    (pad 1 smd roundrect (at -0.9375 0) (size 0.975 1.4) (layers F.Cu F.Paste F.Mask) (roundrect_rratio 0.25)
      (net 5 "Net-(R35-Pad1)"))
    (model ${KISYS3DMOD}/Resistor_SMD.3dshapes/R_0805_2012Metric.wrl
      (at (xyz 0 0 0))
      (scale (xyz 1 1 1))
      (rotate (xyz 0 0 0))
    )
  )

  (module Resistor_SMD:R_0805_2012Metric (layer F.Cu) (tedit 5CA91295) (tstamp 5CA3AE12)
    (at 109.926734 98.279805 180)
    (descr "Resistor SMD 0805 (2012 Metric), square (rectangular) end terminal, IPC_7351 nominal, (Body size source: https://docs.google.com/spreadsheets/d/1BsfQQcO9C6DZCsRaXUlFlo91Tg2WpOkGARC1WS5S8t0/edit?usp=sharing), generated with kicad-footprint-generator")
    (tags resistor)
    (path /5D392C98)
    (attr smd)
    (fp_text reference R36 (at 3.1625 0.4 180) (layer F.SilkS)
      (effects (font (size 0.7 1) (thickness 0.15)))
    )
    (fp_text value 0 (at -0.0375 0.1 180) (layer F.Fab)
      (effects (font (size 1 1) (thickness 0.15)))
    )
    (fp_line (start -1 0.6) (end -1 -0.6) (layer F.Fab) (width 0.1))
    (fp_line (start -1 -0.6) (end 1 -0.6) (layer F.Fab) (width 0.1))
    (fp_line (start 1 -0.6) (end 1 0.6) (layer F.Fab) (width 0.1))
    (fp_line (start 1 0.6) (end -1 0.6) (layer F.Fab) (width 0.1))
    (fp_line (start -0.258578 -0.71) (end 0.258578 -0.71) (layer F.SilkS) (width 0.12))
    (fp_line (start -0.258578 0.71) (end 0.258578 0.71) (layer F.SilkS) (width 0.12))
    (fp_line (start -1.68 0.95) (end -1.68 -0.95) (layer F.CrtYd) (width 0.05))
    (fp_line (start -1.68 -0.95) (end 1.68 -0.95) (layer F.CrtYd) (width 0.05))
    (fp_line (start 1.68 -0.95) (end 1.68 0.95) (layer F.CrtYd) (width 0.05))
    (fp_line (start 1.68 0.95) (end -1.68 0.95) (layer F.CrtYd) (width 0.05))
    (fp_text user %R (at 0 0 180) (layer F.Fab)
      (effects (font (size 0.5 0.5) (thickness 0.08)))
    )
    (pad 1 smd roundrect (at -0.9375 0 180) (size 0.975 1.4) (layers F.Cu F.Paste F.Mask) (roundrect_rratio 0.25)
      (net 11 PA8))
    (pad 2 smd roundrect (at 0.9375 0 180) (size 0.975 1.4) (layers F.Cu F.Paste F.Mask) (roundrect_rratio 0.25)
      (net 6 "Net-(R36-Pad2)"))
    (model ${KISYS3DMOD}/Resistor_SMD.3dshapes/R_0805_2012Metric.wrl
      (at (xyz 0 0 0))
      (scale (xyz 1 1 1))
      (rotate (xyz 0 0 0))
    )
  )

  (module Resistor_SMD:R_0805_2012Metric (layer F.Cu) (tedit 5CA912D4) (tstamp 5CA3AE23)
    (at 106.764234 89.142305 270)
    (descr "Resistor SMD 0805 (2012 Metric), square (rectangular) end terminal, IPC_7351 nominal, (Body size source: https://docs.google.com/spreadsheets/d/1BsfQQcO9C6DZCsRaXUlFlo91Tg2WpOkGARC1WS5S8t0/edit?usp=sharing), generated with kicad-footprint-generator")
    (tags resistor)
    (path /5D15BF88)
    (attr smd)
    (fp_text reference R44 (at 0.0375 -1.35 270) (layer F.SilkS)
      (effects (font (size 0.7 1) (thickness 0.15)))
    )
    (fp_text value 0 (at -0.0125 -0.05 270) (layer F.Fab)
      (effects (font (size 1 1) (thickness 0.15)))
    )
    (fp_line (start -1 0.6) (end -1 -0.6) (layer F.Fab) (width 0.1))
    (fp_line (start -1 -0.6) (end 1 -0.6) (layer F.Fab) (width 0.1))
    (fp_line (start 1 -0.6) (end 1 0.6) (layer F.Fab) (width 0.1))
    (fp_line (start 1 0.6) (end -1 0.6) (layer F.Fab) (width 0.1))
    (fp_line (start -0.258578 -0.71) (end 0.258578 -0.71) (layer F.SilkS) (width 0.12))
    (fp_line (start -0.258578 0.71) (end 0.258578 0.71) (layer F.SilkS) (width 0.12))
    (fp_line (start -1.68 0.95) (end -1.68 -0.95) (layer F.CrtYd) (width 0.05))
    (fp_line (start -1.68 -0.95) (end 1.68 -0.95) (layer F.CrtYd) (width 0.05))
    (fp_line (start 1.68 -0.95) (end 1.68 0.95) (layer F.CrtYd) (width 0.05))
    (fp_line (start 1.68 0.95) (end -1.68 0.95) (layer F.CrtYd) (width 0.05))
    (fp_text user %R (at 0 0 270) (layer F.Fab)
      (effects (font (size 0.5 0.5) (thickness 0.08)))
    )
    (pad 1 smd roundrect (at -0.9375 0 270) (size 0.975 1.4) (layers F.Cu F.Paste F.Mask) (roundrect_rratio 0.25)
      (net 1 +3V3))
    (pad 2 smd roundrect (at 0.9375 0 270) (size 0.975 1.4) (layers F.Cu F.Paste F.Mask) (roundrect_rratio 0.25)
      (net 7 "Net-(R44-Pad2)"))
    (model ${KISYS3DMOD}/Resistor_SMD.3dshapes/R_0805_2012Metric.wrl
      (at (xyz 0 0 0))
      (scale (xyz 1 1 1))
      (rotate (xyz 0 0 0))
    )
  )

  (module "Adafruit Ultimate GPS:FGPMMOPA6H" (layer F.Cu) (tedit 5CA9157A) (tstamp 5BC800D4)
    (at 159.0626 22.8089 180)
    (path /2DF3FE209D0AA111)
    (fp_text reference GPS (at 15.0446 10.8709 180) (layer F.SilkS)
      (effects (font (size 0.9652 0.9652) (thickness 0.14478)) (justify left bottom))
    )
    (fp_text value FGPMMOPA6H (at -8 9.5 90) (layer F.Fab)
      (effects (font (size 0.9652 0.9652) (thickness 0.077216)) (justify left bottom))
    )
    (fp_circle (center -9.1 -8.4) (end -8.7838 -8.4) (layer F.SilkS) (width 0.2032))
    (fp_line (start 8 -8) (end 8 -7.5) (layer F.SilkS) (width 0.2032))
    (fp_line (start 8 7.5) (end 8 8) (layer F.SilkS) (width 0.2032))
    (fp_line (start -8 8) (end -8 -8) (layer F.Fab) (width 0.2032))
    (fp_line (start 8 8) (end -8 8) (layer F.Fab) (width 0.2032))
    (fp_line (start 8 -8) (end 8 8) (layer F.Fab) (width 0.127))
    (fp_line (start -8 -8) (end 8 -8) (layer F.Fab) (width 0.2032))
    (fp_line (start 8 8) (end -8 8) (layer F.SilkS) (width 0.2032))
    (fp_line (start -8 -8) (end 8 -8) (layer F.SilkS) (width 0.2032))
    (pad "" np_thru_hole circle (at 0.2 -0.8 180) (size 3 3) (drill 3) (layers *.Cu))
    (pad P$20 smd rect (at 8 -6.75) (size 2 1) (layers F.Cu F.Paste F.Mask)
      (solder_mask_margin 0.0508))
    (pad P$19 smd rect (at 8 -5.25) (size 2 1) (layers F.Cu F.Paste F.Mask)
      (net 2 GND) (solder_mask_margin 0.0508))
    (pad P$18 smd rect (at 8 -3.75) (size 2 1) (layers F.Cu F.Paste F.Mask)
      (solder_mask_margin 0.0508))
    (pad P$17 smd rect (at 8 -2.25) (size 2 1) (layers F.Cu F.Paste F.Mask)
      (solder_mask_margin 0.0508))
    (pad P$16 smd rect (at 8 -0.75) (size 2 1) (layers F.Cu F.Paste F.Mask)
      (solder_mask_margin 0.0508))
    (pad P$15 smd rect (at 8 0.75) (size 2 1) (layers F.Cu F.Paste F.Mask)
      (solder_mask_margin 0.0508))
    (pad P$14 smd rect (at 8 2.25) (size 2 1) (layers F.Cu F.Paste F.Mask)
      (solder_mask_margin 0.0508))
    (pad P$13 smd rect (at 8 3.75) (size 2 1) (layers F.Cu F.Paste F.Mask)
      (solder_mask_margin 0.0508))
    (pad P$12 smd rect (at 8 5.25) (size 2 1) (layers F.Cu F.Paste F.Mask)
      (net 2 GND) (solder_mask_margin 0.0508))
    (pad P$11 smd rect (at 8 6.75) (size 2 1) (layers F.Cu F.Paste F.Mask)
      (net 18 "Net-(U$1-PadP$3)") (solder_mask_margin 0.0508))
    (pad P$10 smd rect (at -8 6.75 180) (size 2 1) (layers F.Cu F.Paste F.Mask)
      (net 17 "Net-(R28-Pad1)") (solder_mask_margin 0.0508))
    (pad P$9 smd rect (at -8 5.25 180) (size 2 1) (layers F.Cu F.Paste F.Mask)
      (net 16 "Net-(R27-Pad1)") (solder_mask_margin 0.0508))
    (pad P$8 smd rect (at -8 3.75 180) (size 2 1) (layers F.Cu F.Paste F.Mask)
      (net 2 GND) (solder_mask_margin 0.0508))
    (pad P$7 smd rect (at -8 2.25 180) (size 2 1) (layers F.Cu F.Paste F.Mask)
      (solder_mask_margin 0.0508))
    (pad P$6 smd rect (at -8 0.75 180) (size 2 1) (layers F.Cu F.Paste F.Mask)
      (solder_mask_margin 0.0508))
    (pad P$5 smd rect (at -8 -0.75 180) (size 2 1) (layers F.Cu F.Paste F.Mask)
      (net 13 /FIX) (solder_mask_margin 0.0508))
    (pad P$4 smd rect (at -8 -2.25 180) (size 2 1) (layers F.Cu F.Paste F.Mask)
      (solder_mask_margin 0.0508))
    (pad P$3 smd rect (at -8 -3.75 180) (size 2 1) (layers F.Cu F.Paste F.Mask)
      (net 2 GND) (solder_mask_margin 0.0508))
    (pad P$2 smd rect (at -8 -5.25 180) (size 2 1) (layers F.Cu F.Paste F.Mask)
      (solder_mask_margin 0.0508))
    (pad P$1 smd rect (at -8 -6.75 180) (size 2 1) (layers F.Cu F.Paste F.Mask)
      (net 12 3.3V) (solder_mask_margin 0.0508))
  )

  (module "Adafruit Ultimate GPS:CHIPLED_0805" (layer F.Cu) (tedit 0) (tstamp 5BC80109)
    (at 154.6176 32.8179 270)
    (descr "<b>CHIPLED 0805</b>")
    (path /B4BDD66162FEDCFC)
    (fp_text reference LED1 (at -1.016 1.778 180) (layer F.SilkS)
      (effects (font (size 0.38608 0.38608) (thickness 0.057912)) (justify right top))
    )
    (fp_text value RED (at 1.397 1.778 180) (layer F.Fab)
      (effects (font (size 0.9652 0.9652) (thickness 0.077216)) (justify left bottom))
    )
    (fp_poly (pts (xy -0.625 -0.925) (xy -0.3 -0.925) (xy -0.3 -1) (xy -0.625 -1)) (layer F.Fab) (width 0))
    (fp_poly (pts (xy -0.6 -0.5) (xy -0.3 -0.5) (xy -0.3 -0.762) (xy -0.6 -0.762)) (layer F.Fab) (width 0))
    (fp_poly (pts (xy -0.2 0.675) (xy 0.2 0.675) (xy 0.2 0.5) (xy -0.2 0.5)) (layer F.Fab) (width 0))
    (fp_poly (pts (xy -0.325 0.75) (xy -0.175 0.75) (xy -0.175 0.5) (xy -0.325 0.5)) (layer F.Fab) (width 0))
    (fp_poly (pts (xy 0.175 0.75) (xy 0.325 0.75) (xy 0.325 0.5) (xy 0.175 0.5)) (layer F.Fab) (width 0))
    (fp_poly (pts (xy -0.625 1) (xy -0.3 1) (xy -0.3 0.5) (xy -0.625 0.5)) (layer F.Fab) (width 0))
    (fp_poly (pts (xy 0.3 1) (xy 0.625 1) (xy 0.625 0.5) (xy 0.3 0.5)) (layer F.Fab) (width 0))
    (fp_poly (pts (xy -0.2 -0.5) (xy 0.2 -0.5) (xy 0.2 -0.675) (xy -0.2 -0.675)) (layer F.Fab) (width 0))
    (fp_poly (pts (xy 0.175 -0.5) (xy 0.325 -0.5) (xy 0.325 -0.75) (xy 0.175 -0.75)) (layer F.Fab) (width 0))
    (fp_poly (pts (xy -0.325 -0.5) (xy -0.175 -0.5) (xy -0.175 -0.75) (xy -0.325 -0.75)) (layer F.Fab) (width 0))
    (fp_poly (pts (xy 0.3 -0.5) (xy 0.625 -0.5) (xy 0.625 -1) (xy 0.3 -1)) (layer F.Fab) (width 0))
    (fp_text user C (at -0.1 -1.2 270) (layer F.Fab)
      (effects (font (size 0.2413 0.2413) (thickness 0.02032)) (justify left bottom))
    )
    (fp_text user A (at -0.1 1.4 270) (layer F.Fab)
      (effects (font (size 0.2413 0.2413) (thickness 0.02032)) (justify left bottom))
    )
    (fp_circle (center -0.45 -0.85) (end -0.347 -0.85) (layer F.Fab) (width 0.0762))
    (fp_line (start 0.85 -1.9) (end 0.85 1.9) (layer F.SilkS) (width 0.2032))
    (fp_line (start -0.85 -1.9) (end 0.85 -1.9) (layer F.SilkS) (width 0.2032))
    (fp_line (start -0.85 1.9) (end -0.85 -1.9) (layer F.SilkS) (width 0.2032))
    (fp_line (start 0.85 1.9) (end -0.85 1.9) (layer F.SilkS) (width 0.2032))
    (fp_line (start 0.4 0.2) (end 0 -0.2) (layer F.SilkS) (width 0.2032))
    (fp_line (start -0.4 0.2) (end 0.4 0.2) (layer F.SilkS) (width 0.2032))
    (fp_line (start 0 -0.2) (end -0.4 0.2) (layer F.SilkS) (width 0.2032))
    (fp_line (start 0 -0.2) (end 0.4 -0.2) (layer F.SilkS) (width 0.2032))
    (fp_line (start -0.4 -0.2) (end 0 -0.2) (layer F.SilkS) (width 0.2032))
    (fp_line (start -0.575 0.5) (end -0.575 -0.925) (layer F.Fab) (width 0.1016))
    (fp_line (start 0.575 -0.525) (end 0.575 0.525) (layer F.Fab) (width 0.1016))
    (fp_arc (start 0 0.979199) (end -0.35 0.925) (angle 162.394521) (layer F.Fab) (width 0.1016))
    (fp_arc (start 0 -0.979199) (end -0.35 -0.925) (angle -162.394521) (layer F.Fab) (width 0.1016))
    (pad A smd rect (at 0 1.05 270) (size 1.2 1.2) (layers F.Cu F.Paste F.Mask)
      (net 13 /FIX) (solder_mask_margin 0.0508))
    (pad C smd rect (at 0 -1.05 270) (size 1.2 1.2) (layers F.Cu F.Paste F.Mask)
      (net 14 "Net-(LED1-PadC)") (solder_mask_margin 0.0508))
  )

  (module "Adafruit Ultimate GPS:SOD-323" (layer F.Cu) (tedit 0) (tstamp 5BC80177)
    (at 177.64 15.002 180)
    (descr "<b>SOD323</b> (2.5x1.2mm)")
    (path /C049FE434DF527AB)
    (fp_text reference D1 (at 0.856 -1.762 180) (layer F.SilkS)
      (effects (font (size 0.77216 0.77216) (thickness 0.115824)) (justify left bottom))
    )
    (fp_text value 1N4148 (at -1.1 1.792 180) (layer F.Fab)
      (effects (font (size 0.9652 0.9652) (thickness 0.077216)) (justify right top))
    )
    (fp_poly (pts (xy -0.1 0) (xy 0.2 -0.2) (xy 0.2 0.2)) (layer F.SilkS) (width 0))
    (fp_poly (pts (xy -0.45 0.5) (xy -0.25 0.5) (xy -0.25 -0.5) (xy -0.45 -0.5)) (layer F.SilkS) (width 0))
    (fp_line (start 0.35 0.4) (end -0.25 0) (layer F.SilkS) (width 0.2032))
    (fp_line (start 0.35 -0.4) (end 0.35 0.4) (layer F.SilkS) (width 0.2032))
    (fp_line (start -0.25 0) (end 0.35 -0.4) (layer F.SilkS) (width 0.2032))
    (fp_line (start -1 0.7) (end -1 -0.7) (layer F.Fab) (width 0.2032))
    (fp_line (start 1 0.7) (end -1 0.7) (layer F.SilkS) (width 0.2032))
    (fp_line (start 1 -0.7) (end 1 0.7) (layer F.Fab) (width 0.2032))
    (fp_line (start -1 -0.7) (end 1 -0.7) (layer F.SilkS) (width 0.2032))
    (pad A smd rect (at 1.27 0 180) (size 1.35 0.8) (layers F.Cu F.Paste F.Mask)
      (net 15 "Net-(D1-PadA)") (solder_mask_margin 0.0508))
    (pad C smd rect (at -1.27 0 180) (size 1.35 0.8) (layers F.Cu F.Paste F.Mask)
      (net 53 PB6) (solder_mask_margin 0.0508))
  )

  (module Capacitor_SMD:C_0805_2012Metric (layer F.Cu) (tedit 5B36C52B) (tstamp 5CA3C97A)
    (at 151.6726 13.0299 180)
    (descr "Capacitor SMD 0805 (2012 Metric), square (rectangular) end terminal, IPC_7351 nominal, (Body size source: https://docs.google.com/spreadsheets/d/1BsfQQcO9C6DZCsRaXUlFlo91Tg2WpOkGARC1WS5S8t0/edit?usp=sharing), generated with kicad-footprint-generator")
    (tags capacitor)
    (path /24498BA92B08E60C)
    (attr smd)
    (fp_text reference C7 (at 0 -1.65 180) (layer F.SilkS)
      (effects (font (size 1 1) (thickness 0.15)))
    )
    (fp_text value 0.1uF (at 0 1.65 180) (layer F.Fab)
      (effects (font (size 1 1) (thickness 0.15)))
    )
    (fp_line (start -1 0.6) (end -1 -0.6) (layer F.Fab) (width 0.1))
    (fp_line (start -1 -0.6) (end 1 -0.6) (layer F.Fab) (width 0.1))
    (fp_line (start 1 -0.6) (end 1 0.6) (layer F.Fab) (width 0.1))
    (fp_line (start 1 0.6) (end -1 0.6) (layer F.Fab) (width 0.1))
    (fp_line (start -0.258578 -0.71) (end 0.258578 -0.71) (layer F.SilkS) (width 0.12))
    (fp_line (start -0.258578 0.71) (end 0.258578 0.71) (layer F.SilkS) (width 0.12))
    (fp_line (start -1.68 0.95) (end -1.68 -0.95) (layer F.CrtYd) (width 0.05))
    (fp_line (start -1.68 -0.95) (end 1.68 -0.95) (layer F.CrtYd) (width 0.05))
    (fp_line (start 1.68 -0.95) (end 1.68 0.95) (layer F.CrtYd) (width 0.05))
    (fp_line (start 1.68 0.95) (end -1.68 0.95) (layer F.CrtYd) (width 0.05))
    (fp_text user %R (at 0 0 180) (layer F.Fab)
      (effects (font (size 0.5 0.5) (thickness 0.08)))
    )
    (pad 1 smd roundrect (at -0.9375 0 180) (size 0.975 1.4) (layers F.Cu F.Paste F.Mask) (roundrect_rratio 0.25)
      (net 12 3.3V))
    (pad 2 smd roundrect (at 0.9375 0 180) (size 0.975 1.4) (layers F.Cu F.Paste F.Mask) (roundrect_rratio 0.25)
      (net 2 GND))
    (model ${KISYS3DMOD}/Capacitor_SMD.3dshapes/C_0805_2012Metric.wrl
      (at (xyz 0 0 0))
      (scale (xyz 1 1 1))
      (rotate (xyz 0 0 0))
    )
  )

  (module Resistor_SMD:R_0805_2012Metric (layer F.Cu) (tedit 5B36C52B) (tstamp 5CA3C98A)
    (at 158.6816 32.8659 180)
    (descr "Resistor SMD 0805 (2012 Metric), square (rectangular) end terminal, IPC_7351 nominal, (Body size source: https://docs.google.com/spreadsheets/d/1BsfQQcO9C6DZCsRaXUlFlo91Tg2WpOkGARC1WS5S8t0/edit?usp=sharing), generated with kicad-footprint-generator")
    (tags resistor)
    (path /B82084C643F53746)
    (attr smd)
    (fp_text reference R23 (at 0 -1.65 180) (layer F.SilkS)
      (effects (font (size 1 1) (thickness 0.15)))
    )
    (fp_text value 1K (at 0 1.65 180) (layer F.Fab)
      (effects (font (size 1 1) (thickness 0.15)))
    )
    (fp_line (start -1 0.6) (end -1 -0.6) (layer F.Fab) (width 0.1))
    (fp_line (start -1 -0.6) (end 1 -0.6) (layer F.Fab) (width 0.1))
    (fp_line (start 1 -0.6) (end 1 0.6) (layer F.Fab) (width 0.1))
    (fp_line (start 1 0.6) (end -1 0.6) (layer F.Fab) (width 0.1))
    (fp_line (start -0.258578 -0.71) (end 0.258578 -0.71) (layer F.SilkS) (width 0.12))
    (fp_line (start -0.258578 0.71) (end 0.258578 0.71) (layer F.SilkS) (width 0.12))
    (fp_line (start -1.68 0.95) (end -1.68 -0.95) (layer F.CrtYd) (width 0.05))
    (fp_line (start -1.68 -0.95) (end 1.68 -0.95) (layer F.CrtYd) (width 0.05))
    (fp_line (start 1.68 -0.95) (end 1.68 0.95) (layer F.CrtYd) (width 0.05))
    (fp_line (start 1.68 0.95) (end -1.68 0.95) (layer F.CrtYd) (width 0.05))
    (fp_text user %R (at 0 0 180) (layer F.Fab)
      (effects (font (size 0.5 0.5) (thickness 0.08)))
    )
    (pad 1 smd roundrect (at -0.9375 0 180) (size 0.975 1.4) (layers F.Cu F.Paste F.Mask) (roundrect_rratio 0.25)
      (net 2 GND))
    (pad 2 smd roundrect (at 0.9375 0 180) (size 0.975 1.4) (layers F.Cu F.Paste F.Mask) (roundrect_rratio 0.25)
      (net 14 "Net-(LED1-PadC)"))
    (model ${KISYS3DMOD}/Resistor_SMD.3dshapes/R_0805_2012Metric.wrl
      (at (xyz 0 0 0))
      (scale (xyz 1 1 1))
      (rotate (xyz 0 0 0))
    )
  )

  (module Resistor_SMD:R_0805_2012Metric (layer F.Cu) (tedit 5B36C52B) (tstamp 5CA3C99A)
    (at 172.0775 11.502)
    (descr "Resistor SMD 0805 (2012 Metric), square (rectangular) end terminal, IPC_7351 nominal, (Body size source: https://docs.google.com/spreadsheets/d/1BsfQQcO9C6DZCsRaXUlFlo91Tg2WpOkGARC1WS5S8t0/edit?usp=sharing), generated with kicad-footprint-generator")
    (tags resistor)
    (path /4F14531CD85E66C8)
    (attr smd)
    (fp_text reference R24 (at 0 -1.65) (layer F.SilkS)
      (effects (font (size 1 1) (thickness 0.15)))
    )
    (fp_text value 10K (at 0 1.65) (layer F.Fab)
      (effects (font (size 1 1) (thickness 0.15)))
    )
    (fp_text user %R (at 0 0) (layer F.Fab)
      (effects (font (size 0.5 0.5) (thickness 0.08)))
    )
    (fp_line (start 1.68 0.95) (end -1.68 0.95) (layer F.CrtYd) (width 0.05))
    (fp_line (start 1.68 -0.95) (end 1.68 0.95) (layer F.CrtYd) (width 0.05))
    (fp_line (start -1.68 -0.95) (end 1.68 -0.95) (layer F.CrtYd) (width 0.05))
    (fp_line (start -1.68 0.95) (end -1.68 -0.95) (layer F.CrtYd) (width 0.05))
    (fp_line (start -0.258578 0.71) (end 0.258578 0.71) (layer F.SilkS) (width 0.12))
    (fp_line (start -0.258578 -0.71) (end 0.258578 -0.71) (layer F.SilkS) (width 0.12))
    (fp_line (start 1 0.6) (end -1 0.6) (layer F.Fab) (width 0.1))
    (fp_line (start 1 -0.6) (end 1 0.6) (layer F.Fab) (width 0.1))
    (fp_line (start -1 -0.6) (end 1 -0.6) (layer F.Fab) (width 0.1))
    (fp_line (start -1 0.6) (end -1 -0.6) (layer F.Fab) (width 0.1))
    (pad 2 smd roundrect (at 0.9375 0) (size 0.975 1.4) (layers F.Cu F.Paste F.Mask) (roundrect_rratio 0.25)
      (net 15 "Net-(D1-PadA)"))
    (pad 1 smd roundrect (at -0.9375 0) (size 0.975 1.4) (layers F.Cu F.Paste F.Mask) (roundrect_rratio 0.25)
      (net 12 3.3V))
    (model ${KISYS3DMOD}/Resistor_SMD.3dshapes/R_0805_2012Metric.wrl
      (at (xyz 0 0 0))
      (scale (xyz 1 1 1))
      (rotate (xyz 0 0 0))
    )
  )

  (module Resistor_SMD:R_0805_2012Metric (layer F.Cu) (tedit 5B36C52B) (tstamp 5CA3C9BA)
    (at 173.49 31.452)
    (descr "Resistor SMD 0805 (2012 Metric), square (rectangular) end terminal, IPC_7351 nominal, (Body size source: https://docs.google.com/spreadsheets/d/1BsfQQcO9C6DZCsRaXUlFlo91Tg2WpOkGARC1WS5S8t0/edit?usp=sharing), generated with kicad-footprint-generator")
    (tags resistor)
    (path /5D048A73)
    (attr smd)
    (fp_text reference R25 (at 3.6 0.05) (layer F.SilkS)
      (effects (font (size 1 1) (thickness 0.15)))
    )
    (fp_text value 0 (at 0 1.65) (layer F.Fab)
      (effects (font (size 1 1) (thickness 0.15)))
    )
    (fp_line (start -1 0.6) (end -1 -0.6) (layer F.Fab) (width 0.1))
    (fp_line (start -1 -0.6) (end 1 -0.6) (layer F.Fab) (width 0.1))
    (fp_line (start 1 -0.6) (end 1 0.6) (layer F.Fab) (width 0.1))
    (fp_line (start 1 0.6) (end -1 0.6) (layer F.Fab) (width 0.1))
    (fp_line (start -0.258578 -0.71) (end 0.258578 -0.71) (layer F.SilkS) (width 0.12))
    (fp_line (start -0.258578 0.71) (end 0.258578 0.71) (layer F.SilkS) (width 0.12))
    (fp_line (start -1.68 0.95) (end -1.68 -0.95) (layer F.CrtYd) (width 0.05))
    (fp_line (start -1.68 -0.95) (end 1.68 -0.95) (layer F.CrtYd) (width 0.05))
    (fp_line (start 1.68 -0.95) (end 1.68 0.95) (layer F.CrtYd) (width 0.05))
    (fp_line (start 1.68 0.95) (end -1.68 0.95) (layer F.CrtYd) (width 0.05))
    (fp_text user %R (at 0 0) (layer F.Fab)
      (effects (font (size 0.5 0.5) (thickness 0.08)))
    )
    (pad 1 smd roundrect (at -0.9375 0) (size 0.975 1.4) (layers F.Cu F.Paste F.Mask) (roundrect_rratio 0.25)
      (net 12 3.3V))
    (pad 2 smd roundrect (at 0.9375 0) (size 0.975 1.4) (layers F.Cu F.Paste F.Mask) (roundrect_rratio 0.25)
      (net 12 3.3V))
    (model ${KISYS3DMOD}/Resistor_SMD.3dshapes/R_0805_2012Metric.wrl
      (at (xyz 0 0 0))
      (scale (xyz 1 1 1))
      (rotate (xyz 0 0 0))
    )
  )

  (module Resistor_SMD:R_0805_2012Metric (layer F.Cu) (tedit 5B36C52B) (tstamp 5CB64A7B)
    (at 173.3775 22.952)
    (descr "Resistor SMD 0805 (2012 Metric), square (rectangular) end terminal, IPC_7351 nominal, (Body size source: https://docs.google.com/spreadsheets/d/1BsfQQcO9C6DZCsRaXUlFlo91Tg2WpOkGARC1WS5S8t0/edit?usp=sharing), generated with kicad-footprint-generator")
    (tags resistor)
    (path /5D73E76D)
    (attr smd)
    (fp_text reference R26 (at 3.5625 -0.05) (layer F.SilkS)
      (effects (font (size 1 1) (thickness 0.15)))
    )
    (fp_text value 0 (at 0 1.65) (layer F.Fab)
      (effects (font (size 1 1) (thickness 0.15)))
    )
    (fp_text user %R (at 0 0) (layer F.Fab)
      (effects (font (size 0.5 0.5) (thickness 0.08)))
    )
    (fp_line (start 1.68 0.95) (end -1.68 0.95) (layer F.CrtYd) (width 0.05))
    (fp_line (start 1.68 -0.95) (end 1.68 0.95) (layer F.CrtYd) (width 0.05))
    (fp_line (start -1.68 -0.95) (end 1.68 -0.95) (layer F.CrtYd) (width 0.05))
    (fp_line (start -1.68 0.95) (end -1.68 -0.95) (layer F.CrtYd) (width 0.05))
